KARLBN0, 250
2104, 1836, 1770, 1853, 2076, 2122, 1610, 1627
2193, 2286, 1824, 1590, 1896, 2269, 1809, 1789
2069, 1713, 1659, 2929, 1874, 1857, 1657, 1747
2091, 2111, 1679, 1681, 1682, 1683, 1683, 1683
1679, 1671, 1680, 1644, 1635, 1630, 1625, 1624
1618, 1623, 1616, 1616, 1614, 1635, 1631, 1615
1611, 1617, 1623, 1619, 1595, 1622, 1621, 1629
1638, 1595, 1595, 1629, 1655, 1628, 1625, 1626
1624, 1609, 1623, 1625, 1620, 1642, 1642, 1610
1624, 1610, 1609, 1628, 1615, 1617, 1614, 1620
1613, 1654, 1614, 1644, 1630, 1625, 1621, 1625
1627, 1623, 1621, 1625, 1609, 1617, 1615, 1627
1615, 1634, 1615, 1610, 1626, 1634, 1620, 1622
1654, 1644, 1620, 1622, 1641, 1627, 1594, 1595
1633, 1602, 1640, 1613, 1622, 1655, 1640, 1624
1621, 1621, 1601, 1644, 1641, 1610, 1642, 1621
1603, 1620, 1620, 1592, 1609, 1622, 1631, 1622
1625, 1619, 1617, 1625, 1632, 1595, 1609, 1634
1655, 1655, 1618, 1623, 1631, 1624, 1628, 1626
1641, 1620, 1631, 1624, 1626, 1633, 1613, 1620
1613, 1639, 1594, 1618, 1616, 1614, 1629, 1624
1623, 1608, 1610, 1637, 1608, 1577, 1638, 1641
1626, 1625, 1623, 1628, 1600, 1627, 1615, 1626
1621, 1629, 1625, 1624, 1647, 1620, 1619, 1623
1619, 1625, 1678, 1595, 1618, 1619, 1620, 1609
1640, 1620, 1629, 1622, 1601, 1595, 1596, 1618
1627, 1627, 1603, 1621, 1583, 1629, 1642, 1634
1633, 1625, 1637, 1614, 1620, 1609, 1641, 1594
1622, 1633, 1626, 1623, 1595, 1615, 1603, 1634
1641, 1658, 1628, 1619, 1624, 1635, 1631, 1617
1624, 1623, 1627, 1595, 1625, 1627, 1636, 1627
1618, 1654, 1642, 1624, 1609, 1615, 1623, 1626
1612, 1626, 1624, 1624, 1620, 1639, 1594, 1594
1639, 1639, 1613, 1630, 1618, 1620, 1645, 1616
1629, 1620, 1622, 1628, 1615, 1633, 1627, 1609
1613, 1628, 1620, 1620, 1636, 1629, 1626, 1621
1620, 1603, 1622, 1614, 1607, 1633, 1625, 1654
1626, 1628, 1628, 1597, 1597, 1629, 1639, 1621
1628, 1635, 1623, 1612, 1625, 1640, 1631, 1622
1623, 1637, 1625, 1641, 1626, 1623, 1643, 1622
1643, 1597, 1621, 1635, 1628, 1629, 1629, 1597
1626, 1622, 1627, 1610, 1627, 1593, 1622, 1620
1621, 1628, 1621, 1627, 1635, 1622, 1603, 1597
1644, 1622, 1618, 1619, 1620, 1641, 1621, 1622
1620, 1640, 1618, 1640, 1596, 1613, 1627, 1627
1657, 1605, 1623, 1641, 1628, 1597, 1643, 1622
1628, 1641, 1621, 1642, 1625, 1619, 1629, 1622
1597, 1609, 1645, 1679, 1626, 1607, 1627, 1628
1630, 1638, 1630, 1626, 1628, 1621, 1617, 1611
1624, 1596, 1632, 1619, 1629, 1629, 1628, 1617
1641, 1604, 1620, 1624, 1633, 1629, 1634, 1623
1624, 1620, 1612, 1621, 1622, 1616, 1620, 1631
1628, 1640, 1603, 1619, 1625, 1603, 1617, 1622
1608, 1595, 1630, 1621, 1617, 1631, 1617, 1640
1609, 1610, 1630, 1595, 1631, 1620, 1623, 1634
1623, 1604, 1620, 1631, 1622, 1629, 1636, 1620
1629, 1641, 1613, 1620, 1624, 1632, 1626, 1625
1597, 1606, 1631, 1644, 1620, 1643, 1632, 1598
1631, 1635, 1629, 1619, 1625, 1626, 1643, 1623
1636, 1612, 1599, 1630, 1605, 1613, 1605, 1624
1636, 1643, 1624, 1623, 1631, 1624, 1628, 1628
1622, 1616, 1626, 1629, 1622, 1622, 1611, 1628
1611, 1619, 1635, 1597, 1626, 1627, 1616, 1621
1608, 1623, 1615, 1607, 1579, 1621, 1615, 1590
1620, 1633, 1614, 1616, 1121, 716, 55, 54
53, 29, 3, 28, 54, 52, 27, 28
53, 53, 55, 51, 27, 51, 53, 755
2523, 3726, 4081, 4082, 4086, 4089, 4084, 4081
4081, 4080, 4078, 4084, 4095, 4080, 4095, 4084
4079, 4083, 4081, 4079, 4081, 4080, 4079, 4082
4090, 4089, 4082, 4083, 4095, 4082, 4079, 4095
4079, 4082, 4080, 4083, 4078, 4087, 4082, 4089
4084, 4080, 4083, 4025, 4095, 4083, 4095, 4095
4085, 4087, 4083, 4062, 4084, 2536, 1005, 60
54, 54, 53, 53, 56, 55, 54, 53
31, 54, 52, 54, 28, 54, 54, 53
53, 55, 27, 55, 4, 54, 30, 51
55, 53, 55, 55, 54, 55, 3, 55
56, 54, 54, 54, 57, 54, 54, 2
29, 52, 4, 53, 3, 61, 54, 54
3, 55, 54, 52, 52, 29, 56, 55
29, 54, 55, 32, 54, 27, 54, 1
53, 55, 54, 54, 26, 55, 56, 56
54, 28, 53, 55, 54, 55, 52, 55
54, 53, 55, 29, 54, 53, 54, 54
55, 30, 29, 54, 54, 55, 55, 55
54, 55, 17, 111, 152, 252, 302, 366
443, 485, 532, 573, 622, 635, 708, 731
777, 814, 848, 883, 920, 950, 972, 1018
1032, 1083, 1082, 1110, 1097, 1150, 1163, 1165
1204, 1211, 1248, 1240, 1253, 1274, 1309, 1321
1314, 1301, 1343, 1336, 1359, 1386, 1375, 1385
1397, 1415, 1413, 1416, 1429, 1435, 1444, 1449
1445, 1466, 1467, 1473, 1482, 1484, 1507, 1506
1496, 1502, 1505, 1496, 1513, 1538, 1522, 1530
1501, 1524, 1509, 1540, 1532, 1546, 1538, 1583
1540, 1541, 1570, 1581, 1578, 1568, 1561, 1558
1577, 1569, 1582, 1574, 1580, 1572, 1532, 1557
1580, 1586, 1587, 1599, 1599, 1582, 1588, 1606
1573, 1582, 1608, 1597, 1589, 1603, 1554, 1595
1623, 1629, 1568, 1602, 1604, 1591, 1577, 1599
1596, 1570, 1597, 1605, 1634, 1607, 1601, 1588
1605, 1593, 1601, 1608, 1577, 1604, 1609, 1617
1606, 1608, 1602, 1610, 1623, 1606, 1626, 1620
1615, 1615, 1607, 1588, 1597, 1619, 1614, 1616
1605, 1644, 1579, 1606, 1610, 1589, 1616, 1588
1583, 1616, 1608, 1611, 1610, 1585, 1606, 1610
1608, 1611, 1585, 1611, 1610, 1614, 1622, 1600
1611, 1611, 1629, 1618, 1614, 1614, 1589, 1612
1613, 1610, 1610, 1602, 1587, 1616, 1613, 1637
1623, 1626, 1614, 1619, 1616, 1610, 1614, 1619
1617, 1611, 1603, 1594, 1590, 1597, 1620, 1598
1604, 1576, 1603, 1620, 1611, 1608, 1615, 1616
1622, 1621, 1589, 1591, 1615, 1590, 1625, 1623
1596, 1590, 1613, 1617, 1649, 1616, 1614, 1615
1622, 1626, 1641, 1612, 1633, 1597, 1625, 1619
1618, 1622, 1617, 1626, 1618, 1635, 1623, 1634
1651, 1620, 1604, 1625, 1587, 1621, 1617, 1618
1633, 1619, 1638, 1607, 1613, 1638, 1617, 1613
1617, 1622, 1621, 1613, 1615, 1627, 1616, 1619
1592, 1621, 1621, 1624, 1621, 1617, 1618, 1633
1621, 1618, 1616, 1615, 1618, 1607, 1634, 1622
1610, 1614, 1634, 1617, 1631, 1628, 1618, 1617
1634, 1659, 1628, 1616, 1579, 1639, 1624, 1614
1619, 1632, 1607, 1624, 1619, 1619, 1653, 1622
1616, 1616, 1615, 1619, 1622, 1619, 1618, 1624
1626, 1618, 1624, 1632, 1618, 1619, 1623, 1636
1622, 1631, 1625, 1619, 1618, 1623, 1621, 1621
1620, 1626, 1618, 1614, 1642, 1603, 1619, 1637
1607, 1629, 1626, 1617, 1619, 1617, 1623, 1623
1625, 1622, 1619, 1608, 1626, 1607, 1625, 1627
1599, 1638, 1607, 1627, 1608, 1627, 1615, 1599
1620, 1620, 1640, 1613, 1632, 1628, 1635, 1624
1621, 1620, 1638, 1622, 1618, 1618, 1653, 1619
1646, 1639, 1623, 1618, 1626, 1621, 1620, 1633
1619, 1622, 1593, 1617, 1620, 1626, 1608, 1625
1639, 1624, 1620, 1631, 1619, 1629, 1641, 1623
1579, 1636, 1614, 1610, 1601, 1610, 1603, 1627
1618, 1609, 1618, 1618, 1618, 1618, 1623, 1624
1623, 1606, 1625, 1619, 1599, 1630, 1600, 1599
1622, 1618, 1625, 1616, 1613, 1617, 1610, 1628
1655, 1617, 1639, 1620, 1640, 1620, 1617, 1625
1615, 1628, 1622, 1620, 1627, 1625, 1621, 1621
1621, 1621, 1619, 1620, 1626, 1628, 1625, 1617
1614, 1628, 1620, 1620, 1624, 1626, 1620, 1612
1620, 1620, 1619, 1655, 1622, 1656, 1642, 1590
1627, 1608, 1634, 1629, 1620, 1630, 1641, 1615
1629, 1625, 1621, 1627, 1616, 1629, 1602, 1622
1630, 1609, 1605, 1626, 1614, 1596, 1620, 1616
1622, 1635, 1596, 1628, 1625, 1628, 1623, 1625
1629, 1622, 1595, 1624, 1626, 1594, 1594, 1620
1622, 1617, 1625, 1624, 1625, 1628, 1623, 1627
1622, 1658, 1628, 1633, 1618, 1617, 1619, 1622
1643, 1598, 1621, 1626, 1657, 1628, 1611, 1627
1628, 1618, 1642, 1614, 1625, 1621, 1605, 1634
1622, 1610, 1596, 1628, 1624, 1623, 1621, 1627
1623, 1649, 1636, 1597, 1617, 1624, 1604, 1636
1644, 1598, 1630, 1623, 1623, 1624, 1624, 1597
1625, 1643, 1644, 1622, 1620, 1623, 1643, 1622
1612, 1644, 1637, 1630, 1628, 1637, 1626, 1623
1630, 1617, 1627, 1621, 1604, 1644, 1622, 1643
1630, 1618, 1623, 1627, 1631, 1625, 1644, 1631
1604, 1614, 1597, 1607, 1631, 1586, 1624, 1619
1598, 1636, 1622, 1616, 1622, 1597, 1630, 1629
1623, 1616, 1622, 1631, 1644, 1624, 1619, 1624
1641, 1636, 1628, 1621, 1623, 1625, 1642, 1618
1645, 1631, 1623, 1604, 1624, 1631, 1643, 1599
1643, 1612, 1625, 1628, 1612, 1627, 1598, 1632
1630, 1623, 1625, 1609, 1598, 1627, 1622, 1628
1624, 1627, 1623, 1634, 1624, 1636, 1658, 1640
1640, 1632, 1637, 1636, 1622, 1631, 1625, 1632
1605, 1627, 1612, 1628, 1621, 1598, 1656, 1630
1624, 1623, 1615, 1619, 1620, 1622, 1622, 1644
1624, 1624, 1625, 1628, 1594, 1623, 1635, 1648
1621, 1598, 1634, 1621, 1624, 1610, 1627, 1626
1635, 1625, 1643, 1641, 1621, 1598, 1644, 1598
1612, 1624, 1630, 1619, 1658, 1641, 1622, 1643
1622, 1628, 1611, 1624, 1624, 1628, 1598, 1578
1622, 1643, 1611, 1642, 1627, 1592, 1623, 1611
1647, 1629, 1641, 1634, 1624, 1619, 1626, 1618
1628, 1628, 1633, 1613, 1657, 1623, 1618, 1645
1604, 1622, 1643, 1624, 1622, 1626, 1624, 1619
1612, 1622, 1623, 1619, 1621, 1636, 1629, 1620
1657, 1610, 1611, 1640, 1604, 1623, 1644, 1597
1642, 1629, 1631, 1623, 1665, 1642, 1656, 1623
1625, 1639, 1629, 1623, 1629, 1628, 1694, 1624
1624, 1644, 1636, 1637, 1632, 1633, 1629, 1598
1628, 1598, 1626, 1644, 1629, 1631, 1621, 1600
1632, 1625, 1617, 1645, 1624, 1614, 1633, 1631
1632, 1633, 1613, 1627, 1621, 1624, 1630, 1607
1666, 1625, 1613, 1622, 1624, 1628, 1624, 1636
1630, 1614, 1638, 1630, 1626, 1625, 1613, 1620
1634, 1643, 1625, 1599, 1600, 1600, 1625, 1625
1626, 1632, 1623, 1626, 1626, 1626, 1620, 1630
1632, 1646, 1619, 1610, 1621, 1600, 1621, 1634
1625, 1631, 1643, 1638, 1623, 1640, 1633, 1631
1631, 1625, 1624, 1626, 1610, 1632, 1629, 1615
1631, 1627, 1661, 1626, 1630, 1635, 1615, 1643
1622, 1628, 1608, 1647, 1647, 1627, 1627, 1620
1632, 1631, 1627, 1620, 1611, 1647, 1645, 1631
1633, 1649, 1649, 1633, 1633, 1629, 1602, 1638
1626, 1596, 1631, 1629, 1606, 1624, 1620, 1616
1625, 1637, 1663, 1633, 1632, 1642, 1602, 1624
1629, 1627, 1626, 1648, 1631, 1624, 1635, 1628
1627, 1621, 1633, 1627, 1626, 1628, 1648, 1631
1641, 1626, 1635, 1648, 1634, 1637, 1650, 1623
1629, 1627, 1634, 1636, 1626, 1635, 1643, 1651
1605, 1649, 1630, 1651, 1666, 1606, 1626, 1635
1693, 2102, 2714, 3628, 4011, 4089, 4080, 4080
4077, 4081, 4082, 4079, 4052, 4085, 4080, 4083
4076, 4080, 4095, 4056, 4084, 4086, 4087, 4082
3452, 1656, 414, 54, 53, 51, 54, 55
56, 55, 54, 55, 53, 29, 52, 53
53, 29, 30, 30, 54, 54, 53, 28
54, 28, 52, 53, 54, 28, 28, 54
54, 53, 53, 55, 56, 52, 51, 54
4, 53, 55, 54, 53, 54, 55, 54
56, 28, 53, 55, 31, 55, 52, 52
30, 55, 52, 54, 55, 54, 56, 56
55, 52, 53, 55, 55, 55, 30, 54
54, 54, 55, 55, 53, 55, 53, 53
55, 29, 52, 54, 54, 56, 54, 53
51, 28, 55, 29, 56, 54, 53, 54
53, 54, 55, 63, 53, 49, 71, 56
74, 455, 397, 73, 76, 439, 487, 185
265, 683, 491, 527, 941, 706, 371, 638
895, 644, 608, 780, 918, 589, 976, 832
548, 689, 1211, 1076, 738, 791, 1223, 1123
867, 996, 1372, 1163, 1083, 1434, 1290, 1047
1314, 1532, 1277, 1331, 1406, 1449, 1194, 1669
1469, 1058, 1168, 1736, 1522, 1139, 1132, 1702
1510, 1153, 1257, 1513, 1146, 1128, 1506, 1356
1175, 1406, 1554, 1476, 1471, 1588, 1679, 1501
1966, 1730, 1214, 1353, 1840, 1659, 1214, 1180
1769, 1589, 1261, 1319, 1641, 1277, 1368, 1701
1522, 1371, 1576, 1758, 1580, 1618, 1665, 1672
1438, 1919, 1712, 1239, 1417, 1944, 1727, 1347
1320, 1812, 1621, 1273, 1470, 1626, 1308, 1419
1758, 1504, 1469, 1616, 1711, 1593, 1620, 1733
1555, 1432, 1843, 1710, 1190, 1312, 1758, 1637
1210, 1198, 1770, 1599, 1286, 1491, 1619, 1261
1423, 1685, 1432, 1382, 1517, 1668, 1550, 1626
1791, 1558, 1464, 1985, 1770, 1267, 1377, 1852
1708, 1299, 1220, 1818, 1559, 1348, 1608, 1683
1391, 1525, 1828, 1456, 1407, 1512, 1673, 1441
1599, 1593, 1282, 1300, 1888, 1778, 1195, 1375
1982, 1881, 1424, 1456, 2040, 2129, 872, 53
53, 53, 56, 55, 56, 53, 53, 53
56, 53, 54, 54, 55, 56, 32, 4
54, 53, 56, 54, 54, 31, 30, 30
53, 30, 55, 54, 54, 30, 31, 53
54, 52, 53, 55, 53, 31, 2, 54
55, 54, 55, 53, 3679, 30, 1877, 3317
4081, 4076, 4082, 4083, 4083, 4078, 4077, 4077
4081, 4081, 4082, 4095, 4078, 4076, 4081, 4085
4083, 4088, 4080, 4082, 4083, 4082, 4095, 4082
4080, 4076, 4084, 4065, 4063, 4080, 4083, 4077
4085, 4080, 4081, 4080, 4095, 4083, 4084, 4079
4081, 4060, 4081, 4083, 4056, 4087, 3439, 1635
424, 54, 53, 54, 54, 55, 1629, 3142
4048, 4080, 4081, 4084, 4033, 4077, 4076, 4083
4078, 4083, 4081, 4084, 4095, 4080, 4084, 4092
4083, 4078, 4052, 4083, 4095, 4076, 4079, 4087
4081, 4080, 4082, 4081, 4060, 4075, 4089, 4082
4087, 4077, 4080, 4076, 4083, 4079, 4084, 4095
4062, 4081, 4082, 4086, 4083, 4086, 4076, 4083
4084, 4084, 4083, 4079, 4077, 4085, 4083, 4082
4079, 4082, 4050, 4047, 4080, 4024, 4077, 4077
4080, 3173, 1478, 320, 54, 30, 55, 56
29, 28, 2, 54, 29, 55, 28, 55
57, 55, 56, 56, 54, 55, 54, 55
55, 2, 31, 53, 55, 56, 54, 54
2, 1285, 107, 2062, 3424, 4095, 4052, 4062
4087, 4087, 4082, 4054, 4082, 4091, 4084, 4086
4077, 4081, 4084, 4086, 4079, 4088, 4087, 4061
4078, 4084, 4083, 4078, 4061, 4079, 4080, 4078
4082, 4076, 4060, 4082, 4095, 4078, 4074, 4057
4078, 4079, 4084, 4090, 4079, 4076, 4086, 4082
4082, 4075, 4079, 4083, 4086, 4084, 4077, 4079
4081, 4083, 4025, 4086, 4080, 4081, 4075, 4079
4076, 4082, 4053, 4076, 2973, 3973, 2979, 4041
3084, 4042, 2132, 4083, 3701, 4095, 4080, 4077
4060, 4081, 4085, 4095, 4080, 4087, 4083, 4079
4084, 4053, 4082, 4085, 4088, 4025, 4080, 3438
4081, 4082, 4081, 3976, 4080, 4050, 4081, 4081
4095, 4075, 4088, 4083, 4081, 4095, 4078, 4081
4077, 4084, 4078, 4081, 4086, 4083, 4084, 4084
4081, 4078, 4095, 4095, 4085, 4075, 4082, 4055
4081, 4081, 4083, 4084, 4082, 4095, 4082, 4078
4085, 4095, 4079, 4078, 4083, 4083, 4082, 4079
4081, 4077, 4078, 4083, 4084, 2361, 913, 57
56, 58, 55, 29, 56, 52, 54, 56
32, 28, 29, 52, 33, 56, 54, 55
55, 33, 55, 54, 52, 55, 56, 55
53, 29, 53, 3, 56, 55, 56, 53
31, 55, 64, 55, 52, 52, 56, 54
56, 30, 56, 53, 55, 30, 30, 29
27, 53, 53, 53, 54, 54, 27, 54
54, 54, 54, 54, 55, 55, 54, 54
53, 54, 54, 55, 58, 55, 49, 53
56, 54, 56, 56, 53, 56, 57, 53
53, 54, 53, 53, 54, 57, 28, 54
52, 55, 51, 28, 51, 56, 51, 33
55, 56, 52, 54, 54, 115, 32, 10
109, 43, 69, 435, 450, 79, 70, 485
663, 71, 453, 503, 736, 213, 1075, 654
563, 704, 1211, 899, 572, 898, 1260, 849
1254, 1124, 743, 820, 1260, 1130, 691, 670
1206, 1344, 767, 1048, 1175, 1151, 890, 1159
898, 666, 877, 1097, 872, 854, 959, 873
838, 1270, 1122, 694, 676, 1228, 1077, 610
550, 1079, 1024, 796, 1081, 1127, 900, 1093
1400, 1164, 1097, 1191, 1338, 1157, 1244, 1379
1227, 1243, 1714, 1604, 832, 127, 52, 635
1317, 384, 53, 338, 1063, 511, 54, 187
379, 631, 55, 382, 32, 819, 55, 1307
495, 1180, 114, 3303, 1156, 1583, 470, 2630
1049, 1725, 783, 57, 894, 1314, 1084, 93
668, 34, 1216, 110, 469, 54, 1299, 164
657, 53, 1285, 216, 2803, 1249, 1335, 262
3252, 966, 1517, 461, 55, 572, 1417, 570
32, 251, 940, 2039, 2470, 3679, 4081, 4095
4076, 4077, 4089, 4080, 4076, 4095, 4052, 4076
4086, 4086, 4090, 4082, 4080, 4084, 4092, 4080
4076, 4083, 4095, 4086, 4083, 4080, 4084, 4085
4083, 4057, 4025, 4095, 4076, 4053, 4091, 4083
4076, 4079, 4082, 4086, 4082, 4082, 4076, 4077
4082, 4081, 4080, 4055, 4081, 4079, 4086, 4066
4095, 4080, 4086, 4085, 4084, 4085, 4083, 4082
4080, 4084, 4081, 4078, 4082, 4080, 4075, 4086
3696, 3782, 3330, 3826, 2839, 3511, 3185, 3466
2686, 3133, 3528, 3057, 3090, 3025, 2471, 2620
3051, 2869, 2454, 2421, 3075, 2926, 2543, 2310
3038, 2442, 2537, 2233, 2737, 2074, 2567, 3007
2621, 2166, 2520, 2723, 2412, 2703, 3038, 2917
3104, 3219, 2874, 2078, 1933, 2501, 2455, 1758
1964, 2293, 1917, 1959, 2353, 2054, 1794, 2018
2100, 1865, 1774, 1848, 1855, 1661, 2198, 2043
1564, 1631, 2196, 1961, 1483, 1404, 1874, 1784
1461, 1649, 1895, 1633, 1702, 1972, 1772, 1729
1803, 1871, 1728, 1752, 1742, 1676, 1458, 2003
1863, 1458, 1569, 1986, 1825, 1526, 1512, 1932
1871, 1571, 1716, 1776, 1545, 1599, 1831, 1653
1625, 1741, 1636, 1613, 1688, 1716, 1582, 1508
1869, 1729, 1322, 1473, 1800, 1653, 1294, 1347
1743, 1742, 1429, 1645, 1742, 1576, 1568, 1799
1643, 1530, 1587, 1654, 1598, 1685, 1825, 1703
2036, 3126, 4078, 4082, 4080, 4082, 4084, 4078
3108, 1413, 243, 56, 55, 54, 55, 55
56, 53, 31, 55, 54, 53, 28, 55
54, 28, 6, 55, 54, 29, 29, 54
30, 54, 31, 56, 28, 55, 30, 55
57, 55, 52, 54, 57, 55, 55, 54
30, 28, 55, 55, 55, 54, 54, 54
55, 27, 53, 52, 55, 56, 52, 54
52, 53, 30, 53, 54, 30, 53, 55
54, 58, 53, 28, 29, 55, 54, 53
54, 54, 54, 30, 55, 55, 53, 54
55, 57, 76, 133, 184, 289, 340, 405
445, 505, 520, 575, 637, 669, 697, 767
807, 869, 869, 909, 954, 965, 997, 1022
1053, 1092, 1087, 1121, 1118, 1170, 1191, 1208
1243, 1241, 1244, 1277, 1294, 1306, 1341, 1359
1368, 1385, 1395, 1407, 1402, 1430, 1479, 1441
1450, 1454, 1459, 1469, 1474, 1492, 1495, 1472
1473, 1509, 1488, 1552, 1524, 1526, 1533, 1532
1548, 1521, 1581, 1561, 1555, 1581, 1563, 1573
1570, 1578, 1548, 1578, 1557, 1578, 1578, 1591
1595, 1585, 1569, 1586, 1599, 1596, 1615, 1596
1594, 1615, 1596, 1594, 1597, 1598, 1597, 1582
1587, 1606, 1605, 1601, 1605, 1604, 1608, 1630
1605, 1642, 1627, 1611, 1612, 1626, 1584, 1611
1600, 1601, 1616, 1608, 1619, 1617, 1618, 1614
1624, 1616, 1624, 1613, 1620, 1627, 1611, 1627
1624, 1623, 1620, 1658, 1613, 1626, 1626, 1585
1626, 1643, 1611, 1601, 1606, 1625, 1634, 1633
1631, 1634, 1632, 1626, 1635, 1635, 1626, 1600
1626, 1632, 1632, 1632, 1627, 1636, 1648, 1636
1615, 1624, 1635, 1620, 1627, 1615, 1648, 1645
1626, 1625, 1626, 1620, 1620, 1621, 1619, 1591
1635, 1636, 1611, 1580, 1623, 1602, 1615, 1615
1615, 1616, 1637, 1630, 1629, 1604, 1619, 1621
1621, 1624, 1645, 1633, 1634, 1653, 1623, 1635
1670, 1636, 1659, 1630, 1612, 1642, 1642, 1611
1636, 1620, 1648, 1643, 1632, 1636, 1640, 1635
1636, 1637, 1616, 1671, 1631, 1618, 1635, 1605
1669, 1622, 1640, 1633, 1639, 1639, 1635, 1636
1611, 1629, 1634, 1639, 1647, 1609, 1656, 1641
1636, 1641, 1633, 1652, 1640, 1626, 1627, 1630
1637, 1631, 1657, 1606, 1645, 1626, 1639, 1637
1632, 1632, 1634, 1607, 1630, 1639, 1632, 1657
1653, 1632, 1613, 1632, 1618, 1640, 1641, 1635
1645, 1628, 1642, 1666, 1628, 1645, 1619, 1652
1629, 1620, 1606, 1638, 1652, 1634, 1651, 1629
1638, 1604, 1612, 1628, 1643, 1632, 1630, 1601
1631, 1632, 1637, 1633, 1638, 1635, 1627, 1651
1630, 1639, 1634, 1631, 1630, 1627, 1631, 1667
1630, 1634, 1635, 1629, 1604, 1634, 1624, 1629
1621, 1637, 1602, 1638, 1629, 1631, 1643, 1648
1618, 1611, 1619, 1639, 1630, 1617, 1629, 1628
1638, 1626, 1634, 1622, 1633, 1647, 1614, 1629
1633, 1632, 1635, 1652, 1632, 1634, 1660, 1631
1600, 1625, 1625, 1632, 1633, 1630, 1635, 1628
1635, 1603, 1635, 1632, 1643, 1631, 1643, 1635
1634, 1635, 1638, 1622, 1629, 1653, 1650, 1629
1628, 1627, 1636, 1605, 1629, 1630, 1625, 1649
1629, 1623, 1641, 1636, 1622, 1600, 1625, 1639
1629, 1626, 1637, 1611, 1608, 1625, 1621, 1648
1635, 1628, 1624, 1640, 1629, 1633, 1629, 1635
1634, 1631, 1628, 1633, 1634, 1635, 1634, 1628
1636, 1634, 1624, 1627, 1617, 1611, 1657, 1653
1617, 1635, 1628, 1636, 1611, 1650, 1632, 1628
1633, 1625, 1630, 1629, 1653, 1642, 1603, 1625
1649, 1639, 1627, 1610, 1603, 1627, 1646, 1625
1635, 1629, 1646, 1630, 1633, 1642, 1624, 1634
1604, 1637, 1635, 1618, 1630, 1629, 1617, 1649
1631, 1646, 1629, 1624, 1636, 1650, 1617, 1614
1629, 1635, 1629, 1636, 1633, 1603, 1651, 1636
1634, 1626, 1628, 1634, 1640, 1655, 1604, 1632
1664, 1628, 1647, 1622, 1629, 1625, 1633, 1629
1618, 1651, 1638, 1634, 1642, 1630, 1630, 1604
1612, 1616, 1605, 1631, 1649, 1626, 1636, 1605
1631, 1652, 1633, 1636, 1626, 1612, 1640, 1653
1628, 1618, 1630, 1631, 1630, 1635, 1636, 1638
1649, 1666, 1632, 1635, 1655, 1639, 1621, 1633
1649, 1677, 1632, 1640, 1607, 1633, 1632, 1650
1632, 1607, 1628, 1633, 1634, 1628, 1641, 1636
1607, 1636, 1620, 1632, 1631, 1651, 1636, 1637
1665, 1641, 1614, 1630, 1640, 1632, 1639, 1628
1633, 1641, 1637, 1607, 1649, 1654, 1654, 1632
1651, 1623, 1608, 1634, 1627, 1652, 1642, 1639
1656, 1655, 1641, 1669, 1633, 1651, 1617, 1634
1641, 1623, 1626, 1630, 1636, 1618, 1637, 1641
1673, 1601, 1635, 1615, 1629, 1634, 1638, 1657
1610, 1635, 1648, 1639, 1643, 1639, 1651, 1609
1651, 1624, 1634, 1643, 1631, 1644, 1646, 1640
1647, 1631, 1636, 1635, 1637, 1645, 1642, 1635
1654, 1647, 1647, 1648, 1620, 1653, 1632, 1621
1652, 1651, 1642, 1629, 1639, 2025, 2502, 3608
4077, 4081, 4054, 4079, 4082, 4090, 4084, 4084
4077, 4081, 4087, 4076, 4077, 3396, 1637, 400
32, 55, 54, 54, 56, 56, 54, 54
29, 54, 54, 56, 53, 52, 55, 7
52, 55, 59, 30, 55, 1, 55, 29
27, 54, 55, 55, 54, 55, 55, 54
55, 30, 54, 54, 52, 55, 56, 30
54, 53, 55, 54, 54, 56, 53, 54
54, 56, 30, 54, 54, 52, 54, 56
52, 54, 52, 56, 29, 29, 59, 53
61, 54, 53, 60, 56, 52, 56, 53
56, 56, 55, 56, 55, 55, 55, 30
55, 55, 55, 57, 53, 54, 55, 53
4, 54, 52, 28, 55, 55, 55, 55
57, 49, 55, 55, 55, 56, 924, 55
30, 58, 1987, 55, 55, 55, 3401, 4
55, 57, 55, 57, 470, 53, 670, 543
1285, 447, 3463, 1332, 58, 1636, 531, 1131
2755, 3860, 4095, 4081, 4082, 4088, 4095, 4078
4084, 4086, 4083, 4057, 4078, 4095, 4079, 3940
2794, 1202, 291, 55, 53, 56, 53, 3
53, 55, 54, 55, 55, 54, 29, 55
54, 55, 55, 53, 58, 53, 56, 55
28, 55, 54, 310, 266, 1267, 682, 2091
1360, 2563, 2105, 3715, 2850, 4030, 4083, 4088
4081, 4076, 4079, 4077, 4089, 4076, 4080, 4079
4081, 4060, 4095, 4078, 4079, 4083, 4064, 4084
4085, 4095, 4056, 4078, 4086, 4086, 4082, 4082
4078, 4083, 4082, 4080, 4077, 4080, 4081, 4079
4077, 4082, 4080, 4080, 4080, 4081, 4083, 4077
4076, 4080, 4078, 4086, 4090, 4079, 4084, 4083
4077, 4090, 4082, 4089, 4076, 4025, 4063, 4083
4083, 4080, 4083, 4081, 4083, 4085, 4089, 4082
4082, 4087, 4081, 4080, 4081, 4082, 4082, 4085
4085, 4079, 4083, 4095, 4084, 4082, 4023, 4082
4083, 4082, 4095, 4080, 4082, 4082, 4083, 4084
4082, 4085, 4084, 4083, 4083, 4084, 4085, 4079
4080, 4083, 4077, 4085, 4081, 4081, 4080, 4083
4082, 4076, 4085, 4083, 4064, 4090, 4095, 4075
4055, 3618, 1810, 538, 55, 54, 53, 55
56, 56, 56, 54, 54, 55, 55, 54
52, 55, 32, 28, 54, 53, 53, 3
55, 55, 29, 2, 53, 54, 54, 54
54, 55, 54, 54, 5, 56, 54, 53
56, 57, 57, 55, 53, 2, 56, 56
55, 55, 56, 54, 1029, 2687, 3827, 4060
4081, 4083, 4095, 4078, 4061, 4082, 4082, 4082
4078, 4095, 4081, 4082, 4095, 4092, 4086, 4084
4086, 4084, 4087, 2356, 905, 55, 54, 31
54, 54, 53, 55, 29, 54, 55, 30
54, 54, 991, 2675, 3806, 4095, 4095, 4063
4083, 4084, 4082, 4082, 4082, 4079, 4081, 4084
4086, 4080, 4095, 4065, 4064, 4079, 4075, 4081
4082, 4063, 4090, 4078, 4095, 4076, 4073, 4084
4080, 4080, 4078, 4081, 4030, 4082, 4062, 4078
4075, 4082, 4079, 4082, 4095, 4079, 4064, 4085
4084, 4090, 4081, 4077, 4091, 4080, 4083, 4095
4082, 4077, 4079, 4091, 4082, 4085, 4080, 4082
4095, 4078, 4078, 4081, 4077, 4079, 4085, 4081
4081, 4090, 4079, 4095, 3955, 4082, 4080, 3888
3542, 3079, 3120, 3045, 2043, 910, 276, 70
56, 52, 53, 53, 29, 55, 28, 52
53, 55, 55, 2, 55, 55, 56, 55
55, 53, 55, 56, 57, 55, 55, 928
650, 2511, 2143, 3446, 1821, 4079, 3182, 4082
3194, 4080, 3418, 4081, 4080, 4083, 3492, 4079
4081, 4080, 3755, 3941, 4078, 3870, 4080, 3728
4083, 2954, 4083, 3546, 4080, 2524, 4080, 3544
4076, 3437, 4086, 3478, 4077, 4081, 4084, 3464
4081, 4079, 4095, 3813, 3838, 4082, 3821, 4080
3590, 4077, 3042, 4091, 3309, 4080, 2217, 4079
3205, 4061, 2911, 4039, 2960, 3781, 3616, 3612
3698, 3451, 3545, 3299, 3083, 2814, 3304, 3166
2865, 2371, 2989, 3016, 2679, 2090, 2865, 2432
2320, 2319, 2722, 1497, 2058, 2226, 2291, 1905
1928, 1759, 1854, 1905, 2013, 1622, 1713, 1546
1753, 1388, 1294, 1823, 2230, 3141, 2371, 3622
2922, 4082, 4084, 4091, 4077, 4082, 4081, 4080
4084, 4054, 4078, 4078, 4076, 4095, 4082, 4063
4075, 4081, 4081, 4082, 4080, 2863, 4074, 3781
4083, 2785, 4083, 3573, 4064, 4082, 4054, 4083
4083, 4080, 4078, 4085, 4092, 4083, 4095, 4081
4080, 4064, 4081, 4062, 4075, 4061, 3138, 4075
3474, 3315, 3185, 1873, 2908, 1384, 1936, 829
1026, 831, 739, 842, 1741, 1935, 2356, 2477
2586, 2400, 3232, 3147, 3504, 2821, 3848, 1819
4095, 3747, 4087, 2794, 4084, 3453, 4077, 4014
4055, 3441, 4095, 3709, 3427, 2569, 2309, 2665
2687, 2493, 2304, 2064, 2218, 1509, 1348, 695
1182, 123, 55, 56, 53, 54, 55, 56
53, 54, 54, 30, 29, 55, 54, 54
54, 54, 55, 57, 55, 54, 54, 58
54, 53, 56, 55, 55, 55, 56, 55
56, 57, 56, 31, 56, 27, 4, 57
3, 30, 55, 1684, 3178, 4078, 4095, 4084
4081, 4081, 4080, 4090, 4095, 4079, 4082, 4084
4087, 4083, 4081, 4081, 4083, 4057, 4089, 4084
4089, 4081, 4083, 4082, 4079, 4082, 4076, 4083
4084, 4083, 4079, 4079, 4078, 4095, 4076, 4079
4048, 4080, 4095, 4080, 4086, 4080, 4083, 4089
4084, 4088, 4080, 4083, 4081, 4075, 4085, 4062
4083, 4081, 3135, 3724, 2874, 3427, 2576, 3687
1894, 3341, 2931, 3260, 3013, 3495, 2741, 3632
4082, 4080, 4081, 4079, 4082, 4090, 4095, 4079
4095, 4082, 4095, 4082, 4078, 4078, 4095, 4082
4083, 4000, 2662, 2134, 3160, 4053, 4081, 4082
4078, 4077, 4081, 4095, 4074, 4081, 4073, 4074
4081, 4083, 4080, 4081, 4083, 4056, 4083, 4086
4078, 4082, 4082, 4079, 4079, 4095, 4080, 4080
4082, 4077, 4082, 4081, 4019, 4041, 4080, 3897
3265, 2510, 3316, 3061, 2566, 2082, 2933, 2112
2059, 2753, 2584, 1375, 2020, 2413, 2165, 1996
2151, 1940, 1824, 2197, 2376, 1392, 1290, 1592
1999, 958, 1107, 1742, 2242, 1221, 1946, 1623
2039, 1075, 2209, 1183, 1360, 984, 611, 491
520, 680, 90, 502, 592, 1020, 219, 603
772, 1360, 273, 1245, 750, 1517, 431, 2026
708, 1445, 611, 1590, 807, 887, 855, 769
802, 797, 1135, 527, 785, 1101, 1421, 534
818, 1034, 1569, 455, 1543, 981, 1684, 628
2134, 1110, 1488, 913, 1677, 1015, 595, 996
809, 949, 868, 1160, 358, 681, 655, 1079
97, 942, 505, 1103, 92, 1681, 304, 1151
192, 1332, 211, 1098, 284, 773, 104, 642
333, 57, 65, 56, 330, 55, 54, 55
56, 56, 55, 55, 56, 33, 56, 58
55, 55, 57, 55, 29, 55, 55, 3
55, 56, 30, 54, 28, 56, 56, 29
55, 57, 56, 55, 56, 3, 29, 2
57, 55, 55, 32, 55, 39, 4, 4
53, 54, 56, 27, 3, 55, 55, 53
53, 55, 57, 54, 55, 52, 55, 56
55, 86, 55, 56, 30, 56, 54, 57
55, 54, 54, 57, 55, 54, 31, 31
54, 54, 28, 52, 55, 31, 55, 55
54, 52, 55, 31, 32, 54, 26, 54
58, 55, 54, 56, 55, 55, 54, 57
55, 29, 54, 55, 55, 55, 53, 30
56, 56, 57, 29, 52, 56, 55, 53
28, 53, 54, 30, 56, 3, 27, 52
1, 30, 52, 52, 54, 53, 29, 32
33, 54, 52, 53, 33, 54, 56, 28
55, 30, 29, 30, 55, 56, 54, 56
56, 55, 55, 55, 28, 56, 57, 56
34, 56, 53, 55, 260, 56, 54, 89
306, 180, 177, 347, 244, 158, 485, 386
108, 157, 557, 450, 236, 217, 640, 565
489, 676, 673, 431, 578, 738, 582, 468
697, 856, 735, 795, 967, 883, 881, 1330
2267, 3078, 4064, 4062, 4079, 3877, 1994, 630
55, 55, 54, 56, 56, 55, 55, 54
55, 54, 55, 28, 28, 55, 29, 55
54, 54, 52, 53, 55, 53, 54, 55
54, 54, 53, 4, 53, 52, 32, 55
29, 55, 53, 54, 54, 56, 55, 54
53, 52, 55, 56, 53, 52, 53, 53
53, 54, 56, 30, 53, 53, 55, 54
29, 52, 56, 54, 56, 55, 53, 55
54, 56, 56, 54, 2, 55, 54, 56
55, 55, 72, 114, 180, 236, 297, 376
370, 439, 509, 527, 566, 625, 662, 658
716, 749, 794, 824, 833, 846, 896, 936
944, 960, 976, 1011, 1024, 1011, 1081, 1077
1113, 1108, 1112, 1137, 1154, 1164, 1182, 1162
1195, 1209, 1257, 1232, 1241, 1258, 1258, 1269
1267, 1291, 1292, 1309, 1297, 1315, 1322, 1333
1355, 1341, 1320, 1373, 1338, 1368, 1415, 1375
1380, 1354, 1387, 1391, 1408, 1401, 1395, 1396
1440, 1417, 1421, 1414, 1393, 1455, 1423, 1431
1425, 1435, 1414, 1441, 1436, 1440, 1448, 1441
1451, 1443, 1456, 1452, 1459, 1460, 1438, 1458
1466, 1434, 1450, 1474, 1461, 1440, 1471, 1485
1468, 1493, 1482, 1482, 1476, 1478, 1499, 1483
1484, 1498, 1493, 1516, 1482, 1484, 1483, 1460
1481, 1494, 1489, 1462, 1485, 1510, 1499, 1480
1500, 1494, 1491, 1515, 1491, 1500, 1496, 1497
1471, 1518, 1494, 1506, 1495, 1495, 1495, 1472
1522, 1498, 1537, 1508, 1509, 1507, 1505, 1508
1481, 1508, 1499, 1488, 1512, 1503, 1513, 1514
1514, 1512, 1514, 1516, 1517, 1503, 1503, 1529
1532, 1525, 1512, 1513, 1514, 1512, 1515, 1523
1504, 1518, 1511, 1517, 1514, 1492, 1512, 1552
1519, 1525, 1553, 1538, 1528, 1527, 1524, 1519
1551, 1558, 1519, 1521, 1521, 1530, 1530, 1523
1537, 1521, 1497, 1518, 1525, 1513, 1569, 1546
1531, 1526, 1530, 1531, 1515, 1527, 1526, 1532
1530, 1533, 1523, 1533, 1527, 1536, 1533, 1505
1533, 1545, 1506, 1531, 1537, 1532, 1537, 1533
1534, 1503, 1533, 1534, 1557, 1510, 1536, 1538
1539, 1543, 1533, 1572, 1511, 1535, 1541, 1551
1545, 1514, 1514, 1535, 1548, 1575, 1539, 1543
1547, 1544, 1539, 1545, 1535, 1562, 1576, 1545
1562, 1549, 1541, 1550, 1542, 1542, 1545, 1553
1579, 1549, 1547, 1559, 1558, 1549, 1546, 1567
1553, 1559, 1521, 1556, 1547, 1559, 1551, 1544
1549, 1553, 1545, 1571, 1555, 1550, 1546, 1554
1526, 1552, 1525, 1548, 1565, 1572, 1556, 1577
1547, 1575, 1575, 1553, 1562, 1559, 1559, 1546
1568, 1548, 1553, 1562, 1563, 1585, 1556, 1559
1555, 1556, 1555, 1555, 1576, 1555, 1569, 1584
1562, 1545, 1578, 1561, 1533, 1594, 1565, 1574
1576, 1559, 1556, 1557, 1564, 1560, 1578, 1570
1573, 1541, 1560, 1535, 1561, 1567, 1515, 1550
1566, 1562, 1550, 1582, 1581, 1563, 1546, 1562
1532, 1563, 1558, 1561, 1567, 1555, 1562, 1574
1565, 1537, 1568, 1538, 1560, 1558, 1571, 1568
1594, 1575, 1577, 1565, 1586, 1566, 1571, 1571
1541, 1574, 1570, 1585, 1567, 1568, 1572, 1569
1568, 1591, 1543, 1603, 1567, 1575, 1604, 1551
1568, 1571, 1590, 1578, 1572, 1557, 1567, 1583
1571, 1573, 1570, 1590, 1545, 1545, 1578, 1546
1588, 1574, 1573, 1547, 1577, 1560, 1580, 1547
1572, 1555, 1591, 1580, 1570, 1593, 1581, 1595
1594, 1591, 1569, 1573, 1575, 1567, 1586, 1598
1585, 1576, 1557, 1573, 1552, 1584, 1551, 1577
1613, 1575, 1602, 1577, 1576, 1574, 1578, 1578
1577, 1563, 1585, 1587, 1603, 1599, 2359, 3254
4086, 4080, 4078, 4095, 4087, 4082, 4078, 4084
4081, 2405, 932, 28, 53, 55, 54, 53
53, 55, 56, 52, 54, 55, 54, 54
33, 56, 54, 53, 54, 54, 30, 56
53, 54, 55, 30, 55, 54, 53, 57
56, 53, 55, 53, 55, 53, 57, 28
54, 53, 52, 55, 5, 53, 55, 55
52, 55, 30, 52, 53, 55, 54, 55
54, 53, 55, 53, 54, 55, 55, 56
54, 30, 55, 55, 53, 52, 53, 57
55, 53, 55, 28, 61, 53, 29, 29
55, 54, 5, 52, 54, 53, 53, 56
57, 254, 259, 128, 292, 636, 588, 452
516, 836, 728, 598, 703, 649, 572, 749
932, 685, 789, 852, 874, 792, 851, 947
909, 799, 1158, 1108, 960, 1028, 1395, 1384
1152, 1119, 1452, 1371, 1204, 1323, 1410, 1235
1254, 1380, 1192, 1216, 1259, 1398, 1250, 1294
1341, 1202, 1180, 1474, 1385, 1087, 1162, 1472
1399, 1152, 1166, 1435, 1331, 1076, 1248, 1268
1132, 1213, 1382, 1219, 1139, 1285, 1372, 1366
1502, 1567, 1403, 1430, 1734, 1593, 1325, 1374
1655, 1572, 1332, 1317, 1474, 1384, 1225, 1362
1491, 1427, 1498, 1671, 1604, 1510, 1600, 1605
1443, 1499, 1577, 1334, 1374, 1631, 1544, 1180
682, 525, 56, 56, 54, 2, 53, 55
54, 53, 27, 53, 53, 56, 53, 27
52, 53, 56, 30, 51, 52, 1676, 3174
4024, 4080, 4090, 4078, 4081, 4087, 4085, 4085
4085, 4083, 4088, 4082, 4083, 4082, 4083, 4084
4095, 4083, 4081, 4081, 4086, 4080, 4089, 4082
4076, 4080, 4083, 4080, 4085, 4088, 4082, 4082
4083, 4083, 4095, 4083, 4095, 4064, 4066, 4095
4079, 4095, 4082, 4085, 3756, 1884, 591, 55
52, 55, 32, 54, 28, 54, 54, 55
53, 1, 52, 56, 55, 52, 54, 28
54, 54, 54, 5, 53, 55, 56, 850
2556, 3726, 4079, 4090, 4079, 4064, 4083, 4088
4082, 4078, 4087, 4081, 4077, 4080, 4077, 4083
4083, 4095, 4082, 4082, 4088, 4078, 4083, 4081
4083, 4084, 4056, 4084, 4089, 4080, 4080, 4083
4084, 4086, 4084, 4081, 4083, 4095, 4082, 3176
1945, 650, 54, 55, 57, 55, 54, 53
53, 54, 55, 54, 52, 1128, 2778, 3891
4079, 4083, 4076, 4083, 4083, 4084, 4081, 4078
4053, 4084, 4087, 4056, 4082, 4029, 4078, 4078
4084, 4083, 4083, 4073, 4078, 4079, 4083, 4081
4081, 4095, 4083, 4083, 4084, 4053, 4084, 4077
3282, 3847, 4076, 4076, 4081, 4064, 4084, 4062
4078, 4083, 4082, 4083, 4080, 4083, 4078, 4075
4078, 4083, 907, 4075, 2161, 772, 56, 792
580, 441, 841, 2543, 2312, 1785, 1734, 2668
2724, 1319, 3217, 1697, 3173, 4076, 3496, 4092
4095, 4081, 4063, 4089, 4056, 4079, 4080, 4083
4081, 4080, 4083, 4081, 4082, 4079, 2558, 2602
3, 2373, 883, 1795, 1811, 1542, 354, 3716
1245, 1607, 466, 34, 408, 765, 1806, 2662
1842, 3277, 1524, 4089, 3583, 4084, 4014, 4085
4075, 4080, 4057, 4084, 4082, 4082, 4080, 4084
4082, 4081, 4082, 4095, 4081, 4095, 4080, 3021
4080, 4095, 4080, 2773, 3059, 3338, 2853, 1166
2279, 3060, 2609, 2653, 1524, 296, 28, 30
55, 4, 53, 56, 56, 55, 54, 53
55, 55, 563, 3, 52, 54, 324, 29
320, 55, 53, 28, 155, 56, 54, 55
53, 53, 55, 33, 56, 56, 53, 56
56, 56, 55, 55, 53, 30, 30, 2
28, 30, 56, 55, 55, 56, 53, 55
53, 55, 55, 54, 55, 54, 56, 55
55, 55, 55, 54, 54, 55, 56, 54
27, 55, 1619, 3088, 4074, 4078, 4083, 4083
4062, 4079, 4078, 4082, 4078, 4092, 4061, 4080
4074, 4095, 4083, 4083, 4053, 4075, 4095, 4082
4079, 4095, 4076, 4080, 4076, 4063, 4083, 4060
4087, 3044, 1402, 247, 54, 56, 55, 3
57, 55, 56, 58, 74, 82, 28, 55
29, 27, 29, 55, 56, 3, 55, 53
54, 53, 57, 54, 57, 53, 54, 55
54, 55, 55, 53, 551, 55, 1851, 1660
3115, 4084, 4084, 4095, 4095, 4080, 4078, 4086
4081, 4079, 4062, 4061, 4082, 4081, 4082, 4095
4082, 4095, 4078, 4084, 4083, 4095, 4077, 4081
4088, 4080, 4075, 4083, 4084, 4083, 4091, 4084
4082, 4084, 4079, 4090, 4083, 4083, 4095, 4085
4083, 4089, 4081, 4074, 4081, 4077, 4081, 3074
1417, 261, 53, 56, 55, 55, 53, 55
30, 56, 29, 54, 55, 25, 30, 56
55, 30, 3, 54, 56, 54, 56, 28
53, 56, 54, 55, 29, 538, 269, 2136
3477, 4079, 4095, 4081, 4083, 4083, 4086, 4058
4081, 4085, 4087, 4077, 4081, 4082, 4082, 4095
4083, 4083, 4091, 4080, 4082, 4083, 4082, 4082
4079, 4095, 4095, 4083, 4082, 4061, 4088, 4080
4077, 4084, 4060, 4079, 4076, 4081, 4095, 4083
4082, 4081, 4079, 4092, 4084, 4078, 4088, 4079
4095, 4095, 4078, 4077, 4083, 4095, 4081, 4091
4087, 4081, 4082, 4084, 4077, 4080, 4081, 4078
4084, 4025, 4095, 4081, 4062, 4075, 4084, 4082
4083, 4095, 4080, 4088, 4081, 4084, 4084, 4083
4082, 4082, 4084, 4092, 4088, 4026, 4077, 4083
4084, 4081, 4055, 4076, 4081, 4081, 4083, 4081
4080, 4087, 4084, 4079, 4081, 4079, 4086, 4079
4095, 4082, 4082, 4077, 4084, 4082, 4095, 4082
4080, 4075, 4078, 4095, 4085, 4084, 4080, 4083
4083, 4084, 4079, 4080, 4081, 4079, 4082, 4077
4082, 4080, 4085, 4095, 4080, 4082, 4078, 4081
4078, 4081, 4077, 4082, 4084, 4076, 3987, 4088
4087, 4057, 4081, 4086, 4083, 4079, 4083, 4081
4084, 4081, 4052, 4084, 4060, 4081, 4095, 4081
4084, 4082, 4080, 4095, 4075, 3271, 4088, 4079
4078, 3045, 4084, 3986, 4083, 4081, 4080, 4082
4083, 4084, 4085, 4054, 4095, 4078, 4085, 4083
4077, 4082, 4081, 4095, 4084, 4085, 4083, 4081
4063, 4083, 4080, 4080, 4074, 4081, 4062, 4082
4081, 4081, 4077, 4086, 4082, 4095, 4083, 4074
4076, 4081, 4091, 4080, 4081, 4095, 4095, 3146
4019, 4085, 4081, 3073, 4090, 4095, 4083, 3829
4075, 4080, 4083, 4061, 4050, 3376, 3874, 3135
3049, 2570, 2282, 1677, 1839, 710, 1025, 923
286, 55, 31, 56, 33, 4, 30, 56
31, 55, 27, 29, 29, 55, 6, 56
54, 53, 56, 54, 30, 55, 56, 53
54, 55, 56, 56, 54, 53, 56, 57
56, 53, 2, 57, 57, 54, 55, 24
56, 57, 57, 54, 56, 53, 55, 77
54, 55, 54, 56, 54, 54, 56, 54
55, 55, 55, 55, 54, 53, 53, 54
55, 30, 28, 56, 56, 56, 59, 56
55, 55, 55, 55, 31, 54, 55, 30
33, 56, 54, 55, 56, 29, 24, 58
1, 1, 54, 30, 55, 54, 54, 55
55, 29, 573, 55, 189, 29, 820, 58
754, 81, 722, 75, 445, 325, 198, 210
585, 729, 261, 518, 859, 1141, 534, 909
1084, 1584, 828, 1603, 1284, 1730, 936, 1802
767, 1411, 545, 579, 54, 116, 52, 54
29, 55, 58, 54, 54, 55, 57, 55
54, 56, 4, 54, 277, 55, 54, 53
236, 56, 54, 54, 55, 55, 58, 56
53, 56, 55, 55, 54, 56, 55, 29
54, 56, 56, 55, 55, 29, 54, 1409
2973, 3992, 4083, 4095, 4084, 4079, 4082, 4061
4077, 4080, 4084, 2390, 916, 55, 53, 56
54, 53, 29, 53, 53, 54, 54, 55
2, 54, 56, 56, 57, 54, 54, 30
54, 64, 56, 30, 55, 31, 57, 55
24, 53, 56, 56, 54, 53, 54, 54
55, 55, 54, 54, 53, 55, 55, 56
4, 53, 52, 56, 55, 55, 55, 53
39, 56, 55, 54, 55, 53, 55, 54
63, 53, 28, 54, 56, 53, 3, 52
54, 56, 55, 55, 55, 51, 54, 55
57, 55, 29, 52, 55, 57, 55, 54
56, 28, 54, 54, 54, 55, 55, 56
56, 29, 27, 26, 29, 57, 55, 54
52, 54, 28, 32, 55, 53, 1, 54
56, 29, 54, 52, 53, 57, 57, 33
54, 71, 54, 58, 327, 294, 55, 71
434, 483, 124, 121, 502, 439, 182, 510
448, 90, 349, 675, 398, 359, 545, 727
499, 662, 673, 524, 524, 923, 744, 416
509, 818, 722, 488, 477, 851, 734, 671
957, 862, 721, 879, 1074, 789, 706, 763
924, 716, 882, 932, 717, 783, 1181, 1060
812, 893, 1276, 1243, 953, 983, 1282, 1188
1120, 1306, 1262, 939, 1090, 1219, 1025, 1041
1147, 1196, 1059, 1242, 1235, 965, 1047, 1343
1323, 1060, 1120, 1469, 1382, 1179, 1184, 1544
1400, 1272, 1418, 1374, 1174, 1389, 1469, 1327
1343, 1418, 1423, 1350, 1540, 1471, 1204, 1236
1585, 1532, 2111, 2738, 2546, 1677, 422, 28
54, 53, 28, 56, 54, 53, 53, 54
54, 55, 52, 52, 2, 30, 28, 54
3, 31, 56, 55, 4, 55, 54, 53
54, 55, 31, 3, 28, 54, 55, 55
55, 55, 27, 55, 63, 88, 152, 211
293, 373, 392, 463, 503, 544, 592, 638
654, 711, 754, 788, 809, 823, 879, 907
932, 960, 992, 1009, 1032, 1049, 1085, 1117
1107, 1133, 1148, 1165, 1196, 1204, 1210, 1227
1247, 1257, 1281, 1274, 1295, 1292, 1310, 1316
1331, 1334, 1347, 1351, 1363, 1366, 1374, 1360
1392, 1394, 1384, 1398, 1425, 1386, 1422, 1426
1434, 1430, 1442, 1475, 1436, 1446, 1452, 1441
1457, 1473, 1477, 1473, 1475, 1475, 1480, 1473
1465, 1479, 1516, 1483, 1466, 1496, 1513, 1491
1499, 1510, 1508, 1498, 1511, 1499, 1503, 1499
1505, 1509, 1479, 1504, 1513, 1532, 1526, 1509
1508, 1546, 1556, 1531, 1512, 1507, 1525, 1482
1492, 1534, 1519, 1519, 1526, 1523, 1522, 1538
1509, 1523, 1522, 1525, 1559, 1532, 1516, 1525
1530, 1524, 1533, 1528, 1529, 1531, 1538, 1523
1565, 1538, 1555, 1530, 1531, 1534, 1533, 1539
1546, 1547, 1528, 1534, 1509, 1557, 1552, 1535
1546, 1541, 1526, 1540, 1538, 1551, 1537, 1514
1545, 1537, 1539, 1546, 1557, 1562, 1542, 1544
1529, 1562, 1555, 1541, 1542, 1542, 1544, 1547
1518, 1544, 1549, 1545, 1554, 1542, 1564, 1556
1545, 1544, 1544, 1546, 1550, 1525, 1544, 1543
1572, 1561, 1545, 1548, 1561, 1548, 1584, 1544
1549, 1549, 1531, 1542, 1550, 1564, 1555, 1548
1550, 1548, 1573, 1557, 1552, 1565, 1549, 1553
1553, 1558, 1547, 1552, 1554, 1553, 1544, 1552
1574, 1554, 1559, 1556, 1574, 1560, 1555, 1561
1573, 1570, 1560, 1555, 1573, 1562, 1588, 1544
1556, 1558, 1565, 1538, 1563, 1555, 1578, 1578
1562, 1533, 1572, 1576, 1547, 1541, 1552, 1562
1578, 1564, 1561, 1562, 1541, 1562, 1567, 1581
1583, 1567, 1555, 1566, 1560, 1557, 1567, 1561
1561, 1537, 1537, 1562, 1546, 1558, 1565, 1570
1551, 1545, 1600, 1564, 1567, 1560, 1561, 1561
1563, 1571, 1577, 1566, 1572, 1578, 1602, 1573
1539, 1579, 1541, 1549, 1569, 1563, 1578, 1570
1589, 1574, 1579, 1576, 1571, 1576, 1545, 1590
1570, 1570, 1579, 1594, 1547, 1560, 1548, 1555
1569, 1579, 1569, 1555, 1582, 1579, 1581, 1544
1582, 1597, 1577, 1575, 1590, 1577, 1576, 1588
1589, 1579, 1575, 1616, 1594, 1591, 2973, 2968
3959, 4075, 4087, 4085, 4053, 4090, 4075, 4086
4081, 4079, 4079, 4087, 4090, 4095, 4084, 4032
4085, 4080, 3458, 1687, 402, 55, 54, 53
54, 54, 53, 52, 52, 53, 53, 54
53, 4, 2, 28, 53, 56, 55, 54
28, 53, 56, 57, 55, 56, 55, 55
56, 56, 54, 54, 55, 54, 54, 53
52, 55, 28, 51, 33, 53, 54, 53
56, 34, 54, 52, 55, 55, 56, 54
53, 53, 55, 55, 52, 55, 54, 54
53, 55, 54, 53, 52, 53, 4, 54
53, 54, 53, 53, 52, 29, 52, 27
136, 60, 1122, 62, 663, 52, 1408, 377
1083, 358, 1534, 636, 670, 736, 690, 984
1243, 1138, 913, 1007, 1382, 1532, 941, 1052
1621, 1917, 1277, 1349, 1511, 1962, 1499, 2072
1751, 1323, 1400, 2530, 1785, 1796, 1586, 1456
1795, 2023, 1871, 1593, 1646, 1972, 2014, 1362
1382, 1941, 2169, 1526, 1433, 1788, 2130, 1690
2106, 1974, 1238, 1627, 2566, 1832, 1889, 1634
1572, 1881, 2105, 1931, 1670, 1679, 2038, 2111
1501, 1500, 2109, 2294, 1699, 1533, 1786, 2146
1673, 2028, 2024, 1248, 1630, 2514, 1909, 1951
1685, 1670, 1946, 2136, 1989, 1725, 1746, 2095
2143, 1540, 1545, 2095, 2292, 1753, 1524, 1879
2138, 1754, 2168, 2020, 1274, 1725, 2369, 1906
1956, 1698, 1623, 1961, 2023, 1886, 1657, 1667
2075, 2122, 1566, 1542, 2076, 2297, 1860, 1580
1843, 2195, 1792, 2065, 2030, 1378, 1690, 2244
1966, 2013, 1721, 1651, 2025, 2042, 1939, 1779
1770, 2178, 2194, 1640, 1586, 2133, 2336, 1840
1586, 1873, 2182, 1764, 2134, 2059, 1343, 1718
2203, 2097, 2054, 1755, 1723, 2051, 2071, 1983
1771, 1800, 2220, 2204, 1652, 1610, 2083, 2359
1889, 1643, 1927, 2177, 1743, 2169, 2118, 1391
1714, 2039, 2092, 2041, 1736, 1704, 2040, 2036
1911, 1742, 1765, 2215, 2202, 1577, 1576, 2019
2274, 1868, 1598, 1959, 2202, 1741, 2192, 2026
1187, 1709, 2002, 2100, 2005, 1669, 1705, 2005
2037, 1994, 1777, 1772, 2240, 2244, 1636, 1568
2034, 2307, 1909, 1641, 1910, 2130, 1668, 2309
2095, 1298, 1766, 1999, 2098, 2077, 1725, 1734
1967, 2035, 2018, 1776, 1730, 2212, 2230, 1601
1616, 2040, 2344, 1936, 1687, 2004, 2195, 1705
2295, 2076, 1515, 1769, 1982, 2173, 2075, 1734
1769, 1957, 2053, 1963, 1723, 1705, 2231, 2231
1688, 1606, 2021, 2315, 1886, 1660, 2007, 2099
1666, 2405, 2037, 1665, 1762, 1876, 2124, 2130
1788, 1776, 1974, 2020, 2026, 1747, 1704, 2225
2255, 1713, 1594, 2015, 2331, 1905, 1692, 2022
2024, 1711, 2538, 2050, 1738, 1732, 1890, 2160
2127, 1803, 1791, 1916, 2029, 2012, 1670, 1686
2157, 2205, 1611, 1488, 1859, 2247, 1878, 1683
2026, 1957, 1753, 2635, 2076, 1780, 1801, 1863
2161, 2174, 1804, 1788, 1926, 2072, 2051, 1637
1672, 2220, 2244, 1777, 1571, 1934, 2326, 1932
1714, 2048, 2037, 1580, 2806, 2001, 1751, 1715
1829, 2205, 2214, 1884, 1848, 1973, 2138, 2133
1743, 1733, 2177, 2270, 1720, 1545, 1910, 2300
1841, 1777, 2025, 1862, 1649, 3074, 1935, 1784
1698, 1816, 2184, 2189, 1863, 1790, 1863, 2079
2065, 1699, 1650, 2120, 2232, 1738, 1545, 1934
2300, 1897, 1812, 2084, 1902, 1674, 2892, 2053
1807, 1640, 
EOF
